<?xml version="1.0" ?>
<opencv_storage>
  <mtx_l>
    <rows>3</rows>
    <cols>3</cols>
    <dt>d</dt>
    <data>1098.9565449818988 0.0 947.9675855210097 0.0 1098.4419059870554 571.2070055124038 0.0 0.0 1.0</data>
  </mtx_l>
  <mtx_r>
    <rows>3</rows>
    <cols>3</cols>
    <dt>d</dt>
    <data>1098.4020407946107 0.0 954.1388977964527 0.0 1098.0690802076444 582.2954449704863 0.0 0.0 1.0</data>
  </mtx_r>
  <K_l>
    <rows>3</rows>
    <cols>3</cols>
    <dt>d</dt>
    <data>1122.47265625 0.0 946.3260669235606 0.0 1117.48876953125 570.8644225288299 0.0 0.0 1.0</data>
  </K_l>
  <K_r>
    <rows>3</rows>
    <cols>3</cols>
    <dt>d</dt>
    <data>1125.2381591796875 0.0 951.9608230218291 0.0 1117.5618896484375 582.3175196961456 0.0 0.0 1.0</data>
  </K_r>
  <dist_l>
    <rows>1</rows>
    <cols>5</cols>
    <dt>d</dt>
    <data>0.09374250776622549 -0.11910157686054063 -0.0004907789234083678 -0.00042801134524058526 0.04784468950970748</data>
  </dist_l>
  <dist_r>
    <rows>1</rows>
    <cols>5</cols>
    <dt>d</dt>
    <data>0.0958529709532174 -0.12440815545054668 0.00014810019652715078 -0.00070572440300564 0.05483903538613769</data>
  </dist_r>
  <R>
    <rows>3</rows>
    <cols>3</cols>
    <dt>d</dt>
    <data>0.999989760278392 -0.0007381013794626958 -0.004464811834537135 0.0007196459832856225 0.999991197208692 -0.004133716824630786 0.004467823633820969 0.0041304614126184145 0.9999814887489147</data>
  </R>
  <t>
    <rows>1</rows>
    <cols>3</cols>
    <dt>d</dt>
    <data>-38.9787586950351 -0.7713793087621852 0.24190976443236423</data>
  </t>
  <R_l>
    <rows>3</rows>
    <cols>1</cols>
    <dt>d</dt>
    <data>-0.017687661567620083 0.00857848959526768 0.009626499909776442</data>
  </R_l>
  <t_l>
    <rows>3</rows>
    <cols>1</cols>
    <dt>d</dt>
    <data>-68.58543572727642 -41.54208483286239 461.75302395803516</data>
  </t_l>
  <R_r>
    <rows>3</rows>
    <cols>1</cols>
    <dt>d</dt>
    <data>-0.013580162056443844 0.004085924864183257 0.010333453083198487</data>
  </R_r>
  <t_r>
    <rows>3</rows>
    <cols>1</cols>
    <dt>d</dt>
    <data>-109.59447022242355 -44.2712119326138 461.50837048722155</data>
  </t_r>
  <img_width>1920</img_width>
  <img_height>1200</img_height>
</opencv_storage>
