<?xml version="1.0" ?>
<opencv_storage>
  <mtx_l>
    <rows>3</rows>
    <cols>3</cols>
    <dt>d</dt>
    <data>1095.814987641458 0.0 922.6781075217082 0.0 1095.4335486242896 594.8423842297851 0.0 0.0 1.0</data>
  </mtx_l>
  <mtx_r>
    <rows>3</rows>
    <cols>3</cols>
    <dt>d</dt>
    <data>1090.6589355243086 0.0 980.9451633052253 0.0 1090.0715639207647 604.9077716330477 0.0 0.0 1.0</data>
  </mtx_r>
  <K_l>
    <rows>3</rows>
    <cols>3</cols>
    <dt>d</dt>
    <data>1116.5857769072313 0.0 921.6899744365165 0.0 1113.2101178243022 593.215713828604 0.0 0.0 1.0</data>
  </K_l>
  <K_r>
    <rows>3</rows>
    <cols>3</cols>
    <dt>d</dt>
    <data>1113.1102694782696 0.0 981.3911827840211 0.0 1107.6859030638418 604.7537212681453 0.0 0.0 1.0</data>
  </K_r>
  <dist_l>
    <rows>1</rows>
    <cols>5</cols>
    <dt>d</dt>
    <data>0.08706555817932388 -0.12318579411397361 -0.0018172808802603185 -0.0004870945763788908 0.05735985180403844</data>
  </dist_l>
  <dist_r>
    <rows>1</rows>
    <cols>5</cols>
    <dt>d</dt>
    <data>0.08815826616934115 -0.13303504788935422 -7.206049997369742e-05 0.0002587324735335382 0.06953873697858604</data>
  </dist_r>
  <R>
    <rows>3</rows>
    <cols>3</cols>
    <dt>d</dt>
    <data>0.9999245454777093 -0.0017352470140726192 -0.012161096537595487 0.0016335300332882459 0.9999636444048967 -0.00836907689698824 0.012175176829389794 0.008348579895857083 0.9998910272039127</data>
  </R>
  <t>
    <rows>1</rows>
    <cols>3</cols>
    <dt>d</dt>
    <data>-38.514412830227016 0.7445011900593812 -1.6258642355608117</data>
  </t>
  <R_l>
    <rows>3</rows>
    <cols>1</cols>
    <dt>d</dt>
    <data>0.0011752123667928837 0.01113136914134509 0.00014270827609803654</data>
  </R_l>
  <t_l>
    <rows>3</rows>
    <cols>1</cols>
    <dt>d</dt>
    <data>-60.15616345366893 -64.8865304394942 463.1626981864087</data>
  </t_l>
  <R_r>
    <rows>3</rows>
    <cols>1</cols>
    <dt>d</dt>
    <data>0.009523896529467156 -0.0010368888817647937 0.001880793564692629</data>
  </R_r>
  <t_r>
    <rows>3</rows>
    <cols>1</cols>
    <dt>d</dt>
    <data>-104.18600935637916 -68.11418139763407 460.21223950561796</data>
  </t_r>
  <img_width>1920</img_width>
  <img_height>1200</img_height>
</opencv_storage>
